2024, 3576870 2930;
2023, 3573940 3190;
2022, 3570750 3960;
2021, 3566790 4750;
2020, 3562040 5250;
2019, 3556790 4670;
2018, 3552120 12890;
2017, 3539230 12840;
2016, 3526390 12790;
2015, 3513600 12740;
2014, 3500860 12680;
2013, 3488180 12620;
2012, 3475560 12620;
2011, 3462940 2215;
2010, 3460725 22835;
2009, 3437890 12320;
2008, 3425570 12200;
2007, 3413370 12140;
2006, 3401230 7230;
2005, 3394000 5850;
2004, 3388150 -2310;
2003, 3390460 -630;
2002, 3391090 2650;
2001, 3388440 4020;
2000, 3384420 -8340;
1999, 3392760 -19540;
1998, 3412300 -29970;
1997, 3442270 -20690;
1996, 3462960 -8440;
1995, 3471400 -2300;
1994, 3473700 3150;
1993, 3470550 14670;
1992, 3455880 16040;
1991, 3439840 18180;
1990, 3421660 40560;
1989, 3381100 127140;
1988, 3253960 -19030;
1987, 3272990 177540;
1986, 3095450 34970;
1985, 3060480 17740;
1984, 3042740 1410;
1983, 3041330 -7160;
1982, 3048490 -3050;
1981, 3051540 -4540;
1980, 3056080 -14720;
1979, 3070800 -14770;
1978, 3085570 -14840;
1977, 3100410 -14890;
1976, 3115300 -15010;
1975, 3130310 -15050;
1974, 3145360 -15130;
1973, 3160490 -15180;
1972, 3175670 -15290;
1971, 3190960 -15350;
1970, 3206310 -5970;
1969, 3212280 -9970;
1968, 3222250 -10000;
1967, 3232250 -15000;
1966, 3247250 -5010;
1965, 3252260 -9990;
1964, 3262250 -10100;
1963, 3272350 -10180;
1962, 3282530 -10180;
1961, 3292710 -10580;
1960, 3303290 -11110;
1959, 3314400 -11890;
1958, 3326290 -11810;
1957, 3338100 -11660;
1956, 3349760 -7860;